2 68 68 68 68 68 68 68 68 68 68 68 68 68 68 68 68 68 68 74 74 
68 68 68 68 68 68 68 68 68 68 68 68 68 68 68 73 73 73 67 67 73 73 73 68 67 67 68 68 67 74 74 73 73 73 
74 73 73 74 74 73 68 68 74 68 74 74 74 74 73 73 73 73 73 73 74 74 74 74 74 74 68 68 68 73 73 73 73 73 73 73 73 74 74 74 
73 73 73 73 73 73 73 73 73 74 74 74 73 74 73 73 74 74 73 73 73 73 73 73 
68 68 68 67 67 67 68 68 68 73 73 73 74 74 74 74 74 68 68 68 68 
74 74 74 74 74 68 68 68 68 74 74 73 73 73 
73 73 73 68 73 68 68 73 73 74 74 74 68 68 68 73 73 73 74 74 
73 73 73 74 74 74 74 74 74 74 74 74 73 73 73 73 73 73 73 73 74 74 
73 73 73 73 74 74 74 73 73 73 74 74 74 74 74 74 
73 73 73 73 73 73 68 68 68 68 68 68 
68 68 68 74 74 73 73 73 73 73 68 68 68 73 73 73 73 73 74 74 74 
68 68 73 73 68 73 74 74 73 73 73 73 73 68 68 68 68 68 68 68 68 73 73 73 74 74 73 73 
74 74 74 73 73 73 73 73 73 73 73 73 73 73 74 74 73 73 73 73 73 74 74 74 73 73 73 
68 68 68 73 73 68 68 68 73 73 73 73 74 74 74 73 73 
73 74 74 74 74 74 73 73 73 73 73 68 68 68 73 73 73 
74 74 74 75 75 75 74 74 73 73 73 73 73 74 74 74 74 74 74 74 74 
68 68 68 74 74 74 74 74 74 74 74 74 2 74 74 