68 68 68 74 68 68 68 68 68 74 74 68 68 68 68 68 67 67 74 74 74 74 74 74 74 74 74 74 74 74 74 68 68 68 68 73 73 68 68 68 68 68 
68 68 68 67 67 67 74 74 74 73 73 73 74 68 74 68 68 74 74 74 74 74 74 68 68 68 73 73 73 68 68 
68 68 73 73 73 73 73 73 74 74 68 68 68 74 74 74 
68 68 68 73 73 73 73 73 73 74 74 73 73 73 73 
73 73 73 73 73 73 73 68 73 68 73 73 73 73 73 73 73 73 73 73 68 68 68 74 74 74 
68 68 68 74 73 74 73 68 68 68 73 73 68 68 68 68 68 68 68 68 73 73 73 73 73 
73 73 73 74 74 74 74 74 73 73 73 73 73 73 73 73 74 74 
68 68 74 74 68 68 68 74 74 74 
74 74 74 74 74 75 75 74 74 74 68 68 73 73 73 74 74 74 73 
73 73 73 73 73 73 73 74 74 68 68 
74 74 74 74 74 73 73 73 73 73 73 73 73 73 73 73 73 73 73 73 74 74 73 73 73 74 74 74 74 74 74 73 73 73 
73 73 73 74 74 73 73 73 68 68 74 74 74 74 74 73 73 73 
73 73 74 74 74 74 74 74 74 74 73 73 73 73 73 
74 74 73 73 73 73 73 73 73 74 74 
73 73 73 74 74 74 73 73 74 74 73 73 73 73 73 73 73 74 74 74 73 73 73 73 73 73 
73 73 73 73 73 73 73 73 73 73 73 75 75 75 73 73 68 68 73 73 73 74 74 73 73 74 73 
74 74 73 73 73 73 73 73 74 74 68 68 
68 68 68 73 73 73 73 73 73 73 73 73 68 68 73 73 68 68 68 73 73 73 73 73 73 74 74 
74 74 74 74 74 74 74 74 74 73 73 73 73 73 74 74 73 73 73 73 74 74 74 73 73 73 68 68 74 74 74 74 74 67 67 67 
74 74 74 73 73 73 73 73 68 68 68 74 74 74 
73 73 74 74 73 73 73 73 73 73 73 73 73 73 73 73 73 69 69 69 74 74 74 74 74 74 74 74 74 74 74 74 
74 74 74 74 74 68 68 68 73 68 68 73 68 73 73 73 75 75 73 68 73 73 68 68 74 74 
74 74 73 73 74 74 